ok_idx's shape = [False False False ...,  True False False]
124 102 76 1 0.803934256255
123 101 75 1 0.803724520911
122 100 74 1 0.803517030717
121 99 73 1 0.803311250435
125 100 76 1 0.803203239168
124 99 75 1 0.80286577782
123 98 74 1 0.802525884842
128 104 79 1 0.802306449548
127 103 78 1 0.801998785071
126 102 77 1 0.801692061144
122 102 75 1 0.801638595097
121 101 74 1 0.801525116427
120 100 73 1 0.801416493917
125 101 76 1 0.801385831562
124 100 75 1 0.801079564991
123 99 74 1 0.800772670495
132 109 83 1 0.799705924418
131 108 82 1 0.799414394729
130 107 81 1 0.799124288209
129 106 80 1 0.79883641129
128 105 79 1 0.798551133065
130 109 82 1 0.798514297648
129 108 81 1 0.798302006883
127 104 78 1 0.798268510351
128 107 80 1 0.798093898823
126 103 77 1 0.797988379092
127 106 79 1 0.797890594775
125 102 76 1 0.797710420291
126 105 78 1 0.797692351592
125 104 77 1 0.797499168392
133 107 83 1 0.79748013363
124 101 75 1 0.797434207064
136 111 86 1 0.797419782266
124 103 76 1 0.797310863976
123 100 74 1 0.797159237856
123 102 75 1 0.797127132381
132 106 82 1 0.797084954811
135 110 85 1 0.797057899799
122 101 74 1 0.796947582337
122 99 73 1 0.796884959655
121 100 73 1 0.796771765021
134 109 84 1 0.796690233591
131 105 81 1 0.796688969581
133 108 83 1 0.796319535133
130 104 80 1 0.796292396404
131 104 81 1 0.796070986038
132 107 82 1 0.795947583543
129 103 79 1 0.795895154511
130 103 80 1 0.795649185514
131 106 81 1 0.795575437736
140 116 90 1 0.79556375448
128 102 78 1 0.795496950129
139 115 89 1 0.795330752035
137 115 88 1 0.795294545053
129 102 79 1 0.795225540743
130 105 80 1 0.795203631632
127 101 77 1 0.79509733855
136 114 87 1 0.79507070454
138 114 88 1 0.795056420653
129 104 79 1 0.794832321066
135 113 86 1 0.794824632669
128 101 78 1 0.794799611871
137 113 87 1 0.794752727799
126 100 76 1 0.794695768299
134 112 85 1 0.79456460616
128 103 78 1 0.794461392116
136 112 86 1 0.794429126343
121 103 75 1 0.794399804143
127 100 77 1 0.794370838927
120 102 74 1 0.794369513687
119 101 73 1 0.794347299322
118 100 72 1 0.794332808046
133 111 84 1 0.794296775446
125 99 75 1 0.794291612201
135 111 85 1 0.794092775784
127 102 77 1 0.794090539795
132 110 83 1 0.794025555719
126 99 76 1 0.793938576251
124 98 74 1 0.793884188967
131 109 82 1 0.793754005743
134 110 84 1 0.793748901414
126 101 76 1 0.793719324502
125 98 75 1 0.793502116487
130 108 81 1 0.793484156195
133 109 83 1 0.793401180947
125 100 75 1 0.793347212084
129 107 80 1 0.793217276049
132 108 82 1 0.793052098864
124 99 74 1 0.792973601957
128 106 79 1 0.792954079615
129 101 79 1 0.792873143984
131 107 81 1 0.792703243894
127 105 78 1 0.792694882791
128 109 81 1 0.79266250903
123 98 73 1 0.792597846578
127 108 80 1 0.792525698256
126 104 77 1 0.792439718588
128 100 78 1 0.792419304699
142 115 91 1 0.792408256786
126 107 79 1 0.792395906869



172 146 119 1 0.754776461797
173 147 120 1 0.754070629884
174 145 120 1 0.752659478255
174 146 120 1 0.751173206257
175 147 121 1 0.750514562935
176 148 122 1 0.749863484614
172 147 119 1 0.749557251274
177 149 123 1 0.749219717394
173 146 119 1 0.748879820781
173 148 120 1 0.748843045364
178 150 124 1 0.748583017801
174 147 120 1 0.748205473642
174 149 121 1 0.748137601994
175 148 121 1 0.74753921442
175 150 122 1 0.74744063561
170 147 118 1 0.747391839439
176 149 122 1 0.746880772687
176 151 123 1 0.746751872272
171 148 119 1 0.746627288154
177 150 123 1 0.746229888582
177 152 124 1 0.746071050197
172 149 120 1 0.745872561924
178 151 124 1 0.745586313605
178 153 125 1 0.745397919866
175 145 120 1 0.745266364811
173 150 121 1 0.745127346405
172 146 118 1 0.745121077498
179 152 125 1 0.744949810913
179 154 126 1 0.744732243844
176 146 121 1 0.744644433076
173 147 119 1 0.744429207545
174 151 122 1 0.744391339019
175 146 120 1 0.744352093613
180 153 126 1 0.744320155267
176 145 121 1 0.744187239619
177 147 122 1 0.744029536644
174 148 120 1 0.743746013265
176 147 121 1 0.743723404459
181 154 127 1 0.743697132754
175 152 123 1 0.743664249819
177 146 122 1 0.743577874736
171 147 118 1 0.743536664653
178 148 123 1 0.743421432856
177 148 122 1 0.743101955401
182 155 128 1 0.743080540366
175 149 121 1 0.743071206147
178 147 123 1 0.74297514499
176 153 124 1 0.742945801803
179 149 124 1 0.742819888525
172 148 119 1 0.742803880398
174 146 119 1 0.74267296276
178 149 123 1 0.742487498631
183 156 129 1 0.7424701855
176 150 122 1 0.742404508359
179 148 124 1 0.74237882084
168 148 118 1 0.742321016529
177 154 125 1 0.742235730861
180 150 125 1 0.742224680825
173 149 120 1 0.742080503709
175 147 120 1 0.74202869284
179 150 124 1 0.741879796894
177 145 122 1 0.741792275302
180 149 125 1 0.741788682196
177 151 123 1 0.741745653745
181 151 126 1 0.741635597657
169 149 119 1 0.741483996532
176 148 121 1 0.741392173414
174 150 121 1 0.741366229074
180 151 125 1 0.74127862399
181 150 126 1 0.741204519132
178 146 123 1 0.741193931755
178 152 124 1 0.741094388246
182 152 127 1 0.741052437659
177 149 122 1 0.740763140515
181 152 126 1 0.740683764866
175 151 122 1 0.740660762862
169 148 118 1 0.740608319881
179 147 124 1 0.740601881998
183 153 128 1 0.740475009984
179 153 125 1 0.740450469927
178 150 123 1 0.740141340908
182 153 127 1 0.740095015448
176 152 123 1 0.73996382404
184 154 129 1 0.739903133924
180 154 126 1 0.739813668742
170 149 119 1 0.739803066155
173 146 118 1 0.73959573865
179 151 124 1 0.739526532743
183 154 128 1 0.739512182288
185 155 130 1 0.73933663845
177 153 124 1 0.739275144375
172 147 118 1 0.739202359836
181 155 127 1 0.73918376614
171 150 120 1 0.739008462553
184 155 129 1 0.738935082113
174 147 119 1 0.738933927154
180 152 125 1 0.738918485753
177 144 122 1 0.738729325859
178 154 125 1 0.738594468323
182 156 128 1 0.73856055456


75 56 33 1 0.858356636183
73 57 32 1 0.855248032973
74 58 33 1 0.854936551986
77 59 35 1 0.85482523434
76 58 34 1 0.854720351053
75 59 34 1 0.854616152407
75 57 33 1 0.854585526557
74 56 32 1 0.854418951468
81 61 38 1 0.849490877069
80 60 37 1 0.84907681606
79 58 36 1 0.848880051597
71 57 31 1 0.848683272738
79 59 36 1 0.848620628789
78 57 35 1 0.848156039185
78 58 35 1 0.84811963761
74 57 32 1 0.84810679746
75 58 33 1 0.848019978262
76 59 34 1 0.847916247142
72 58 32 1 0.847916225473
77 60 35 1 0.847796441088
78 61 36 1 0.847661423029
77 57 34 1 0.84757102064
79 62 37 1 0.84751206909
77 56 34 1 0.847371619195
80 63 38 1 0.847349258641
81 64 39 1 0.847173866565
73 59 33 1 0.84716404112
76 56 33 1 0.846971806673
83 64 40 1 0.846552553348
76 55 33 1 0.846522939486
82 63 39 1 0.846392686836
81 62 38 1 0.84620562318
80 61 37 1 0.845989596082
79 60 36 1 0.845742758433
78 56 35 1 0.845640303693
78 59 35 1 0.845463181263
77 58 34 1 0.845148853657
76 57 33 1 0.844797683939
72 57 31 1 0.844751899721
77 55 34 1 0.844621318101
75 56 32 1 0.84440750256
73 58 32 1 0.844205371963
74 59 33 1 0.843664975829
75 60 34 1 0.843130010578
76 61 35 1 0.842599937823
77 62 36 1 0.842074353649
78 63 37 1 0.841552965493
79 64 38 1 0.841035572945
87 66 43 1 0.840823357563
86 65 42 1 0.840423187489
82 64 39 1 0.840300333146
81 63 38 1 0.840296018082
83 65 40 1 0.840287405531
80 62 37 1 0.84027332674
84 66 41 1 0.840258336087
79 61 36 1 0.840231095445
85 67 42 1 0.840214191221
78 60 35 1 0.840168134332
86 68 43 1 0.840156001954
77 59 34 1 0.840083232768
85 64 41 1 0.839988073877
76 58 33 1 0.839975166705
85 63 41 1 0.839926882276
75 57 32 1 0.839842708456
74 56 31 1 0.839684639506
84 63 40 1 0.839515800013
73 57 31 1 0.839385950198
84 62 40 1 0.8392847418
74 58 32 1 0.839061077348
83 62 39 1 0.839004025519
75 59 33 1 0.83873391585
83 61 39 1 0.838594030789
89 69 45 1 0.838540207864
82 61 38 1 0.838450279121
76 60 34 1 0.838404240581
88 68 44 1 0.838341370193
87 67 43 1 0.838118975179
77 61 35 1 0.838071950944
86 66 42 1 0.837871460347
81 60 37 1 0.837851951252
82 60 38 1 0.837851708087
78 62 36 1 0.837737046858
85 65 41 1 0.837597184982
79 63 37 1 0.837399609042
84 64 40 1 0.837294426175
80 59 36 1 0.837206286582
80 64 38 1 0.837059782816
81 59 37 1 0.83705454931
83 63 39 1 0.836961374909
81 65 39 1 0.836717764811
84 61 40 1 0.836670137569
82 62 38 1 0.836596132268
79 58 35 1 0.836510376575
82 66 40 1 0.836373792054
80 58 36 1 0.836199135106
81 61 37 1 0.83619670586
83 67 41 1 0.836028133029
83 60 39 1 0.835802171057
78 57 34 1 0.835761152256
80 60 36 1 0.835761006598






